1 3.166631e+01
2 3.133328e+01
3 3.100025e+01
4 3.066722e+01
5 3.033419e+01
6 3.000117e+01
7 2.966814e+01
8 2.933511e+01
9 2.900208e+01
10 2.866905e+01
11 2.833603e+01
12 2.800300e+01
13 2.766997e+01
14 2.734510e+01
15 2.687562e+01
16 2.640658e+01
17 2.618525e+01
18 2.618525e+01
19 2.618525e+01
20 2.618525e+01
21 2.618525e+01
22 2.618525e+01
23 2.618525e+01
24 2.618525e+01
25 2.618525e+01
26 2.618525e+01
27 2.618525e+01
28 2.618525e+01
29 2.618525e+01
30 2.618525e+01
31 2.618525e+01
32 2.618525e+01
33 2.618525e+01
34 2.618525e+01
35 2.618525e+01
36 2.618525e+01
37 2.618525e+01
38 2.618525e+01
39 2.618525e+01
40 2.618525e+01
41 2.618525e+01
42 2.618525e+01
43 2.618525e+01
44 2.618525e+01
45 2.618525e+01
46 2.618525e+01
47 2.618525e+01
48 2.618525e+01
49 2.618525e+01
50 2.618525e+01
51 2.618525e+01
52 2.618525e+01
53 2.618525e+01
54 2.618525e+01
55 2.618525e+01
56 2.618525e+01
57 2.618525e+01
58 2.618525e+01
59 2.618525e+01
60 2.618525e+01
61 2.618525e+01
62 2.618525e+01
63 2.618525e+01
64 2.618525e+01
65 2.618525e+01
66 2.618525e+01
67 2.618525e+01
68 2.618525e+01
69 2.618525e+01
70 2.618525e+01
71 2.618525e+01
72 2.618525e+01
73 2.618525e+01
74 2.618525e+01
75 2.618525e+01
76 2.618525e+01
77 2.618525e+01
78 2.618525e+01
79 2.618525e+01
80 2.618525e+01
81 2.618525e+01
82 2.618525e+01
83 2.618525e+01
84 2.618525e+01
85 2.618525e+01
86 2.618525e+01
87 2.618525e+01
88 2.618525e+01
89 2.618525e+01
90 2.618525e+01
91 2.618525e+01
92 2.618525e+01
93 2.618525e+01
94 2.618525e+01
95 2.618525e+01
96 2.618525e+01
97 2.618525e+01
98 2.618525e+01
99 2.618525e+01
100 2.618525e+01
