1 3.198601e+01 
2 3.197202e+01 
3 3.195804e+01 
4 3.194405e+01 
5 3.193006e+01 
6 3.191607e+01 
7 3.190209e+01 
8 3.188810e+01 
9 3.187411e+01 
10 3.186012e+01 
11 3.184614e+01 
12 3.183215e+01 
13 3.181816e+01 
14 3.180417e+01 
15 3.179018e+01 
16 3.177620e+01 
17 3.176221e+01 
18 3.174822e+01 
19 3.173423e+01 
20 3.172025e+01 
21 3.170626e+01 
22 3.169227e+01 
23 3.167828e+01 
24 3.166430e+01 
25 3.165031e+01 
26 3.163632e+01 
27 3.162233e+01 
28 3.160835e+01 
29 3.159436e+01 
30 3.158037e+01 
31 3.156638e+01 
32 3.155239e+01 
33 3.153841e+01 
34 3.152442e+01 
35 3.151043e+01 
36 3.149644e+01 
37 3.148246e+01 
38 3.146847e+01 
39 3.145448e+01 
40 3.144049e+01 
41 3.142651e+01 
42 3.141252e+01 
43 3.139853e+01 
44 3.138454e+01 
45 3.137055e+01 
46 3.135657e+01 
47 3.134258e+01 
48 3.132859e+01 
49 3.131460e+01 
50 3.130062e+01 
51 3.128663e+01 
52 3.127264e+01 
53 3.125865e+01 
54 3.124467e+01 
55 3.123068e+01 
56 3.121669e+01 
57 3.120270e+01 
58 3.118871e+01 
59 3.117473e+01 
60 3.116074e+01 
61 3.114675e+01 
62 3.113276e+01 
63 3.111878e+01 
64 3.110479e+01 
65 3.109080e+01 
66 3.107681e+01 
67 3.106283e+01 
68 3.104884e+01 
69 3.103485e+01 
70 3.102086e+01 
71 3.100687e+01 
72 3.099289e+01 
73 3.097890e+01 
74 3.096491e+01 
75 3.095092e+01 
76 3.093694e+01 
77 3.092295e+01 
78 3.090896e+01 
79 3.089497e+01 
80 3.088099e+01 
81 3.086700e+01 
82 3.085301e+01 
83 3.083902e+01 
84 3.082504e+01 
85 3.081105e+01 
86 3.079706e+01 
87 3.078307e+01 
88 3.076908e+01 
89 3.075510e+01 
90 3.074111e+01 
91 3.072712e+01 
92 3.071313e+01 
93 3.069915e+01 
94 3.068516e+01 
95 3.067117e+01 
96 3.065718e+01 
97 3.064320e+01 
98 3.062921e+01 
99 3.061522e+01 
100 3.060123e+01 
101 3.058724e+01 
102 3.057326e+01 
103 3.055927e+01 
104 3.054528e+01 
105 3.053129e+01 
106 3.051731e+01 
107 3.050332e+01 
108 3.048933e+01 
109 3.047534e+01 
110 3.046136e+01 
111 3.044737e+01 
112 3.043338e+01 
113 3.041939e+01 
114 3.040540e+01 
115 3.039142e+01 
116 3.037743e+01 
117 3.036344e+01 
118 3.034945e+01 
119 3.033547e+01 
120 3.032148e+01 
121 3.030749e+01 
122 3.029350e+01 
123 3.027952e+01 
124 3.026553e+01 
125 3.025154e+01 
126 3.023755e+01 
127 3.022357e+01 
128 3.020958e+01 
129 3.019559e+01 
130 3.018160e+01 
131 3.016761e+01 
132 3.015363e+01 
133 3.013964e+01 
134 3.012565e+01 
135 3.011166e+01 
136 3.009768e+01 
137 3.008369e+01 
138 3.006970e+01 
139 3.005571e+01 
140 3.004173e+01 
141 3.002774e+01 
142 3.001375e+01 
143 2.999976e+01 
144 2.998577e+01 
145 2.997179e+01 
146 2.995780e+01 
147 2.994381e+01 
148 2.992982e+01 
149 2.991584e+01 
150 2.990185e+01 
151 2.988786e+01 
152 2.987387e+01 
153 2.985989e+01 
154 2.984590e+01 
155 2.983191e+01 
156 2.981792e+01 
157 2.980393e+01 
158 2.978995e+01 
159 2.977596e+01 
160 2.976197e+01 
161 2.974798e+01 
162 2.973400e+01 
163 2.972001e+01 
164 2.970602e+01 
165 2.969203e+01 
166 2.967805e+01 
167 2.966406e+01 
168 2.965007e+01 
169 2.963608e+01 
170 2.962210e+01 
171 2.960811e+01 
172 2.959412e+01 
173 2.958013e+01 
174 2.956614e+01 
175 2.955216e+01 
176 2.953817e+01 
177 2.952418e+01 
178 2.951019e+01 
179 2.949621e+01 
180 2.948222e+01 
181 2.946823e+01 
182 2.945424e+01 
183 2.944026e+01 
184 2.942627e+01 
185 2.941228e+01 
186 2.939829e+01 
187 2.938430e+01 
188 2.937032e+01 
189 2.935633e+01 
190 2.934234e+01 
191 2.932835e+01 
192 2.931437e+01 
193 2.930038e+01 
194 2.928639e+01 
195 2.927240e+01 
196 2.925842e+01 
197 2.924443e+01 
198 2.923044e+01 
199 2.921645e+01 
200 2.920246e+01 
201 2.918848e+01 
202 2.917449e+01 
203 2.916050e+01 
204 2.914651e+01 
205 2.913253e+01 
206 2.911854e+01 
207 2.910455e+01 
208 2.909056e+01 
209 2.907658e+01 
210 2.906259e+01 
211 2.904860e+01 
212 2.903461e+01 
213 2.902062e+01 
214 2.900664e+01 
215 2.899265e+01 
216 2.897866e+01 
217 2.896467e+01 
218 2.895069e+01 
219 2.893670e+01 
220 2.892271e+01 
221 2.890872e+01 
222 2.889474e+01 
223 2.888075e+01 
224 2.886676e+01 
225 2.885277e+01 
226 2.883879e+01 
227 2.882480e+01 
228 2.881081e+01 
229 2.879682e+01 
230 2.878283e+01 
231 2.876885e+01 
232 2.875486e+01 
233 2.874087e+01 
234 2.872688e+01 
235 2.871290e+01 
236 2.869891e+01 
237 2.868492e+01 
238 2.867093e+01 
239 2.865695e+01 
240 2.864296e+01 
241 2.862897e+01 
242 2.861498e+01 
243 2.860099e+01 
244 2.858701e+01 
245 2.857302e+01 
246 2.855903e+01 
247 2.854504e+01 
248 2.853106e+01 
249 2.851707e+01 
250 2.850308e+01 
251 2.848909e+01 
252 2.847511e+01 
253 2.846112e+01 
254 2.844713e+01 
255 2.843314e+01 
256 2.841915e+01 
257 2.840517e+01 
258 2.839118e+01 
259 2.837719e+01 
260 2.836320e+01 
261 2.834922e+01 
262 2.833523e+01 
263 2.832124e+01 
264 2.830725e+01 
265 2.829327e+01 
266 2.827928e+01 
267 2.826529e+01 
268 2.825130e+01 
269 2.823732e+01 
270 2.822333e+01 
271 2.820934e+01 
272 2.819535e+01 
273 2.818136e+01 
274 2.816738e+01 
275 2.815339e+01 
276 2.813940e+01 
277 2.812541e+01 
278 2.811143e+01 
279 2.809744e+01 
280 2.808345e+01 
281 2.806946e+01 
282 2.805548e+01 
283 2.804149e+01 
284 2.802750e+01 
285 2.801351e+01 
286 2.799952e+01 
287 2.798554e+01 
288 2.797155e+01 
289 2.795756e+01 
290 2.794357e+01 
291 2.792959e+01 
292 2.791560e+01 
293 2.790161e+01 
294 2.788762e+01 
295 2.787364e+01 
296 2.785965e+01 
297 2.784566e+01 
298 2.783167e+01 
299 2.781768e+01 
300 2.780370e+01 
301 2.778971e+01 
302 2.777572e+01 
303 2.776173e+01 
304 2.774775e+01 
305 2.773376e+01 
306 2.771977e+01 
307 2.770578e+01 
308 2.769180e+01 
309 2.767781e+01 
310 2.766382e+01 
311 2.764983e+01 
312 2.763585e+01 
313 2.762186e+01 
314 2.760787e+01 
315 2.759388e+01 
316 2.757989e+01 
317 2.756591e+01 
318 2.755192e+01 
319 2.753793e+01 
320 2.752394e+01 
321 2.750996e+01 
322 2.749597e+01 
323 2.748198e+01 
324 2.746799e+01 
325 2.745401e+01 
326 2.744002e+01 
327 2.742603e+01 
328 2.741204e+01 
329 2.739805e+01 
330 2.738407e+01 
331 2.737008e+01 
332 2.735609e+01 
333 2.734210e+01 
334 2.732812e+01 
335 2.731413e+01 
336 2.730014e+01 
337 2.728615e+01 
338 2.727217e+01 
339 2.725818e+01 
340 2.724419e+01 
341 2.723020e+01 
342 2.721621e+01 
343 2.720223e+01 
344 2.718824e+01 
345 2.717425e+01 
346 2.716026e+01 
347 2.714628e+01 
348 2.713229e+01 
349 2.711830e+01 
350 2.710431e+01 
351 2.709033e+01 
352 2.707634e+01 
353 2.706235e+01 
354 2.704836e+01 
355 2.703437e+01 
356 2.702039e+01 
357 2.700640e+01 
358 2.699241e+01 
359 2.697842e+01 
360 2.696444e+01 
361 2.695045e+01 
362 2.693646e+01 
363 2.692247e+01 
364 2.690849e+01 
365 2.689450e+01 
366 2.688051e+01 
367 2.686652e+01 
368 2.685254e+01 
369 2.683855e+01 
370 2.682456e+01 
371 2.681057e+01 
372 2.679658e+01 
373 2.678260e+01 
374 2.676861e+01 
375 2.675462e+01 
376 2.674063e+01 
377 2.672665e+01 
378 2.671266e+01 
379 2.669867e+01 
380 2.668468e+01 
381 2.667070e+01 
382 2.665671e+01 
383 2.664272e+01 
384 2.662873e+01 
385 2.661474e+01 
386 2.660076e+01 
387 2.658677e+01 
388 2.657278e+01 
389 2.655879e+01 
390 2.654481e+01 
391 2.653082e+01 
392 2.651683e+01 
393 2.650284e+01 
394 2.648886e+01 
395 2.647487e+01 
396 2.646088e+01 
397 2.644689e+01 
398 2.643290e+01 
399 2.641892e+01 
400 2.640493e+01 
401 2.639094e+01 
402 2.637695e+01 
403 2.636297e+01 
404 2.634898e+01 
405 2.633499e+01 
406 2.632100e+01 
407 2.630702e+01 
408 2.629303e+01 
409 2.627904e+01 
410 2.626505e+01 
411 2.625107e+01 
412 2.623708e+01 
413 2.622309e+01 
414 2.620910e+01 
415 2.619511e+01 
416 2.618113e+01 
417 2.616714e+01 
418 2.615315e+01 
419 2.613916e+01 
420 2.612518e+01 
421 2.611119e+01 
422 2.609720e+01 
423 2.608321e+01 
424 2.606923e+01 
425 2.605524e+01 
426 2.604125e+01 
427 2.602726e+01 
428 2.601327e+01 
429 2.599929e+01 
430 2.598530e+01 
431 2.597131e+01 
432 2.595732e+01 
433 2.594334e+01 
434 2.592935e+01 
435 2.591536e+01 
436 2.590137e+01 
437 2.588739e+01 
438 2.587340e+01 
439 2.585941e+01 
440 2.584542e+01 
441 2.583143e+01 
442 2.581745e+01 
443 2.580346e+01 
444 2.578947e+01 
445 2.577548e+01 
446 2.576150e+01 
447 2.574751e+01 
448 2.573352e+01 
449 2.571953e+01 
450 2.570555e+01 
451 2.569156e+01 
452 2.567757e+01 
453 2.566358e+01 
454 2.564960e+01 
455 2.563561e+01 
456 2.562162e+01 
457 2.560763e+01 
458 2.559364e+01 
459 2.557966e+01 
460 2.556567e+01 
461 2.555168e+01 
462 2.553769e+01 
463 2.552371e+01 
464 2.550972e+01 
465 2.549573e+01 
466 2.548174e+01 
467 2.546776e+01 
468 2.545377e+01 
469 2.543978e+01 
470 2.542579e+01 
471 2.541180e+01 
472 2.539782e+01 
473 2.538383e+01 
474 2.536984e+01 
475 2.535585e+01 
476 2.534187e+01 
477 2.532788e+01 
478 2.531389e+01 
479 2.529990e+01 
480 2.528592e+01 
481 2.527193e+01 
482 2.525794e+01 
483 2.524395e+01 
484 2.522996e+01 
485 2.521598e+01 
486 2.520199e+01 
487 2.518800e+01 
488 2.517401e+01 
489 2.516003e+01 
490 2.514604e+01 
491 2.513205e+01 
492 2.511806e+01 
493 2.510408e+01 
494 2.509009e+01 
495 2.507610e+01 
496 2.506211e+01 
497 2.504812e+01 
498 2.503414e+01 
499 2.502015e+01 
500 2.500616e+01 
501 2.499217e+01 
502 2.497819e+01 
503 2.496420e+01 
504 2.495021e+01 
505 2.493622e+01 
506 2.492224e+01 
507 2.490825e+01 
508 2.489426e+01 
509 2.488027e+01 
510 2.486629e+01 
511 2.485230e+01 
512 2.483831e+01 
513 2.482432e+01 
514 2.481033e+01 
515 2.479635e+01 
516 2.478236e+01 
517 2.476837e+01 
518 2.475438e+01 
519 2.474040e+01 
520 2.472641e+01 
521 2.471242e+01 
522 2.469843e+01 
523 2.468445e+01 
524 2.467046e+01 
525 2.465647e+01 
526 2.464248e+01 
527 2.462849e+01 
528 2.461451e+01 
529 2.460052e+01 
530 2.458653e+01 
531 2.457254e+01 
532 2.455856e+01 
533 2.454457e+01 
534 2.453058e+01 
535 2.451659e+01 
536 2.450261e+01 
537 2.448862e+01 
538 2.447463e+01 
539 2.446064e+01 
540 2.444665e+01 
541 2.443267e+01 
542 2.441868e+01 
543 2.440469e+01 
544 2.439070e+01 
545 2.437672e+01 
546 2.436273e+01 
547 2.434874e+01 
548 2.433475e+01 
549 2.432077e+01 
550 2.430678e+01 
551 2.429279e+01 
552 2.427880e+01 
553 2.426482e+01 
554 2.425083e+01 
555 2.423684e+01 
556 2.422285e+01 
557 2.420886e+01 
558 2.419488e+01 
559 2.418089e+01 
560 2.416690e+01 
561 2.415291e+01 
562 2.413893e+01 
563 2.412494e+01 
564 2.411095e+01 
565 2.409696e+01 
566 2.408298e+01 
567 2.406899e+01 
568 2.405500e+01 
569 2.404101e+01 
570 2.402702e+01 
571 2.401304e+01 
572 2.399905e+01 
573 2.398506e+01 
574 2.397107e+01 
575 2.395709e+01 
576 2.394310e+01 
577 2.392911e+01 
578 2.391512e+01 
579 2.390114e+01 
580 2.388715e+01 
581 2.387316e+01 
582 2.385917e+01 
583 2.384518e+01 
584 2.383119e+01 
585 2.381720e+01 
586 2.380321e+01 
587 2.378922e+01 
588 2.377523e+01 
589 2.376124e+01 
590 2.374725e+01 
591 2.373326e+01 
592 2.371927e+01 
593 2.370528e+01 
594 2.369129e+01 
595 2.367730e+01 
596 2.366331e+01 
597 2.364932e+01 
598 2.363533e+01 
599 2.362134e+01 
600 2.360736e+01 
601 2.359338e+01 
602 2.357939e+01 
603 2.356541e+01 
604 2.355143e+01 
605 2.353745e+01 
606 2.352346e+01 
607 2.350948e+01 
608 2.349550e+01 
609 2.348152e+01 
610 2.346753e+01 
611 2.345354e+01 
612 2.343955e+01 
613 2.342556e+01 
614 2.341157e+01 
615 2.339758e+01 
616 2.338359e+01 
617 2.336960e+01 
618 2.335561e+01 
619 2.334162e+01 
620 2.332763e+01 
621 2.331365e+01 
622 2.329966e+01 
623 2.328568e+01 
624 2.327169e+01 
625 2.325771e+01 
626 2.324373e+01 
627 2.322974e+01 
628 2.321576e+01 
629 2.320177e+01 
630 2.318779e+01 
631 2.317381e+01 
632 2.315982e+01 
633 2.314584e+01 
634 2.313186e+01 
635 2.311787e+01 
636 2.310389e+01 
637 2.308991e+01 
638 2.307593e+01 
639 2.306194e+01 
640 2.304795e+01 
641 2.303396e+01 
642 2.301997e+01 
643 2.300599e+01 
644 2.299200e+01 
645 2.297801e+01 
646 2.296402e+01 
647 2.295003e+01 
648 2.293604e+01 
649 2.292205e+01 
650 2.290806e+01 
651 2.289408e+01 
652 2.288009e+01 
653 2.286611e+01 
654 2.285212e+01 
655 2.283814e+01 
656 2.282415e+01 
657 2.281017e+01 
658 2.279618e+01 
659 2.278220e+01 
660 2.276822e+01 
661 2.275423e+01 
662 2.274025e+01 
663 2.272627e+01 
664 2.271229e+01 
665 2.269830e+01 
666 2.268432e+01 
667 2.267034e+01 
668 2.265636e+01 
669 2.264237e+01 
670 2.262838e+01 
671 2.261439e+01 
672 2.260040e+01 
673 2.258641e+01 
674 2.257242e+01 
675 2.255843e+01 
676 2.254444e+01 
677 2.253046e+01 
678 2.251647e+01 
679 2.250248e+01 
680 2.248849e+01 
681 2.247451e+01 
682 2.246052e+01 
683 2.244654e+01 
684 2.243255e+01 
685 2.241857e+01 
686 2.240458e+01 
687 2.239060e+01 
688 2.237661e+01 
689 2.236263e+01 
690 2.234865e+01 
691 2.233466e+01 
692 2.232068e+01 
693 2.230670e+01 
694 2.229271e+01 
695 2.227873e+01 
696 2.226475e+01 
697 2.225077e+01 
698 2.223678e+01 
699 2.222280e+01 
700 2.220881e+01 
701 2.219482e+01 
702 2.218083e+01 
703 2.216684e+01 
704 2.215285e+01 
705 2.213886e+01 
706 2.212487e+01 
707 2.211088e+01 
708 2.209689e+01 
709 2.208290e+01 
710 2.206892e+01 
711 2.205494e+01 
712 2.204095e+01 
713 2.202697e+01 
714 2.201298e+01 
715 2.199900e+01 
716 2.198501e+01 
717 2.197103e+01 
718 2.195704e+01 
719 2.194306e+01 
720 2.192907e+01 
721 2.191509e+01 
722 2.190111e+01 
723 2.188713e+01 
724 2.187314e+01 
725 2.185916e+01 
726 2.184518e+01 
727 2.183120e+01 
728 2.181721e+01 
729 2.180487e+01 
730 2.179252e+01 
731 2.178017e+01 
732 2.176783e+01 
733 2.175548e+01 
734 2.174313e+01 
735 2.173079e+01 
736 2.171844e+01 
737 2.170609e+01 
738 2.169374e+01 
739 2.168140e+01 
740 2.166905e+01 
741 2.165670e+01 
742 2.164436e+01 
743 2.163201e+01 
744 2.161966e+01 
745 2.160732e+01 
746 2.159497e+01 
747 2.158262e+01 
748 2.157027e+01 
749 2.155793e+01 
750 2.154558e+01 
751 2.153323e+01 
752 2.152089e+01 
753 2.150854e+01 
754 2.149619e+01 
755 2.148385e+01 
756 2.147150e+01 
757 2.145915e+01 
758 2.144680e+01 
759 2.143446e+01 
760 2.142211e+01 
761 2.140976e+01 
762 2.139742e+01 
763 2.138507e+01 
764 2.137272e+01 
765 2.136038e+01 
766 2.134803e+01 
767 2.133568e+01 
768 2.132333e+01 
769 2.131099e+01 
770 2.129864e+01 
771 2.128629e+01 
772 2.127395e+01 
773 2.126160e+01 
774 2.124925e+01 
775 2.123691e+01 
776 2.122456e+01 
777 2.121221e+01 
778 2.119986e+01 
779 2.118752e+01 
780 2.117517e+01 
781 2.116282e+01 
782 2.115048e+01 
783 2.113813e+01 
784 2.112578e+01 
785 2.111344e+01 
786 2.110109e+01 
787 2.108874e+01 
788 2.107639e+01 
789 2.106405e+01 
790 2.105170e+01 
791 2.103935e+01 
792 2.102701e+01 
793 2.101466e+01 
794 2.100231e+01 
795 2.098997e+01 
796 2.097762e+01 
797 2.096527e+01 
798 2.095293e+01 
799 2.094058e+01 
800 2.092823e+01 
801 2.091588e+01 
802 2.090354e+01 
803 2.089119e+01 
804 2.087884e+01 
805 2.086650e+01 
806 2.085415e+01 
807 2.084180e+01 
808 2.082946e+01 
809 2.081711e+01 
810 2.080476e+01 
811 2.079241e+01 
812 2.078007e+01 
813 2.076772e+01 
814 2.075537e+01 
815 2.074303e+01 
816 2.073068e+01 
817 2.071833e+01 
818 2.070599e+01 
819 2.069364e+01 
820 2.068292e+01 
